{
 "cells": [
  {
   "cell_type": "code",
   "execution_count": 1,
   "metadata": {},
   "outputs": [],
   "source": [
    "import pandas as pd\n",
    "import numpy as np\n",
    "import scipy.special\n",
    "from scipy.optimize import minimize\n",
    "import math\n",
    "\n",
    "NUM_RESPONSES = 24\n",
    "\n",
    "data = np.array([pd.read_csv(\"Data/Part_2/Homework3pt2DataCSV{}.txt\".format(i), header = None, sep= \"\\s+\") for i in range(1,6)], dtype=int)\n",
    "\n",
    "def softmax(theta):\n",
    "    return (np.exp(theta) / (np.exp(theta) + 1))\n",
    "\n",
    "def binom_likelihood_a_v(theta, x):\n",
    "    return scipy.special.binom(NUM_RESPONSES, x) * softmax(theta)**x * (1 - softmax(theta))**(NUM_RESPONSES - x)\n",
    "\n",
    "def binom_likelihood_av(thetas, x):\n",
    "    return scipy.special.binom(NUM_RESPONSES, x) * p_av(thetas) ** x * (1 - p_av(thetas)) ** (NUM_RESPONSES - x) \n",
    "\n",
    "def p_av(thetas):\n",
    "    return (softmax(thetas[0]) * softmax(thetas[1])) / (softmax(thetas[0]) * softmax(thetas[1]) + \n",
    "        (1 - softmax(thetas[0])) * (1 - softmax(thetas[1])))\n",
    "\n",
    "def log_likelihood(thetas, data):\n",
    "    l_av = []\n",
    "    \n",
    "    l_a = np.prod([binom_likelihood_a_v(thetas[j], data[0][j]) for j in range(0, 5)])\n",
    "    l_v = np.prod([binom_likelihood_a_v(thetas[j+5], data[1][j]) for j in range(0, 5)])\n",
    "\n",
    "    for i in range(0, 5):\n",
    "        for j in range(0, 5):\n",
    "            l_av.append(binom_likelihood_av((thetas[i + 5], thetas[j]), data[i+2][j]))\n",
    "            \n",
    "    return -np.log(np.prod([l_a, l_v, np.prod(l_av)]))"
   ]
  },
  {
   "cell_type": "code",
   "execution_count": 2,
   "metadata": {},
   "outputs": [
    {
     "data": {
      "text/plain": [
       "      fun: 47.34162607977756\n",
       " hess_inv: array([[ 0.11233185,  0.05676204,  0.04602776,  0.02258665,  0.02461132,\n",
       "        -0.02511676, -0.03876117, -0.0686987 , -0.07811523, -0.08442603],\n",
       "       [ 0.05676204,  0.0890727 ,  0.03732518,  0.02333933,  0.0274788 ,\n",
       "        -0.02919915, -0.04166254, -0.05971114, -0.06444567, -0.06393257],\n",
       "       [ 0.04602776,  0.03732518,  0.08097198,  0.02260219,  0.02025415,\n",
       "        -0.02369841, -0.04448852, -0.04516346, -0.0513692 , -0.05232628],\n",
       "       [ 0.02258665,  0.02333933,  0.02260219,  0.19326403,  0.10445884,\n",
       "        -0.13403495, -0.02502109, -0.02639923, -0.01922403, -0.02048893],\n",
       "       [ 0.02461132,  0.0274788 ,  0.02025415,  0.10445884,  0.24981701,\n",
       "        -0.15682669, -0.02230394, -0.02343715, -0.02820203, -0.02405561],\n",
       "       [-0.02511676, -0.02919915, -0.02369841, -0.13403495, -0.15682669,\n",
       "         0.1960764 ,  0.02671921,  0.02814908,  0.02687338,  0.02766312],\n",
       "       [-0.03876117, -0.04166254, -0.04448852, -0.02502109, -0.02230394,\n",
       "         0.02671921,  0.08084363,  0.03565692,  0.04279719,  0.04643908],\n",
       "       [-0.0686987 , -0.05971114, -0.04516346, -0.02639923, -0.02343715,\n",
       "         0.02814908,  0.03565692,  0.10433831,  0.0625836 ,  0.06506195],\n",
       "       [-0.07811523, -0.06444567, -0.0513692 , -0.01922403, -0.02820203,\n",
       "         0.02687338,  0.04279719,  0.0625836 ,  0.129656  ,  0.07097899],\n",
       "       [-0.08442603, -0.06393257, -0.05232628, -0.02048893, -0.02405561,\n",
       "         0.02766312,  0.04643908,  0.06506195,  0.07097899,  0.14472815]])\n",
       "      jac: array([ 1.90734863e-06, -4.76837158e-06, -1.43051147e-06,  0.00000000e+00,\n",
       "        0.00000000e+00, -9.53674316e-07, -4.76837158e-06, -4.76837158e-07,\n",
       "       -4.76837158e-07,  9.53674316e-07])\n",
       "  message: 'Optimization terminated successfully.'\n",
       "     nfev: 330\n",
       "      nit: 26\n",
       "     njev: 30\n",
       "   status: 0\n",
       "  success: True\n",
       "        x: array([-3.31249963, -2.29406461, -1.51871291,  2.45673725,  3.21447953,\n",
       "       -2.97398188,  0.84074977,  2.90905812,  3.58355071,  3.82602064])"
      ]
     },
     "execution_count": 2,
     "metadata": {},
     "output_type": "execute_result"
    }
   ],
   "source": [
    "s0 = minimize(log_likelihood, np.random.uniform(size=10), data[0])\n",
    "s0"
   ]
  },
  {
   "cell_type": "code",
   "execution_count": 3,
   "metadata": {},
   "outputs": [
    {
     "data": {
      "text/plain": [
       "      fun: 32.988362294006535\n",
       " hess_inv: array([[ 0.17747626,  0.06445878,  0.03019715,  0.00172058, -0.01480946,\n",
       "         0.01083642, -0.04186226, -0.11703156, -0.14862967, -0.15745651],\n",
       "       [ 0.06445878,  0.09702141,  0.02312043,  0.00590038,  0.00314892,\n",
       "        -0.000777  , -0.03689477, -0.06803119, -0.06200905, -0.06932959],\n",
       "       [ 0.03019715,  0.02312043,  0.07894252,  0.00968586,  0.00724916,\n",
       "        -0.00997704, -0.02995367, -0.03172864, -0.02749956, -0.03130699],\n",
       "       [ 0.00172058,  0.00590038,  0.00968586,  0.3449873 ,  0.24218338,\n",
       "        -0.25396725, -0.01499511,  0.00162188, -0.00970081, -0.00130614],\n",
       "       [-0.01480946,  0.00314892,  0.00724916,  0.24218338,  0.73886141,\n",
       "        -0.63099916, -0.01177944,  0.00984113,  0.00727505,  0.01836323],\n",
       "       [ 0.01083642, -0.000777  , -0.00997704, -0.25396725, -0.63099916,\n",
       "         0.654734  ,  0.01172062, -0.00855349,  0.00474133, -0.01359965],\n",
       "       [-0.04186226, -0.03689477, -0.02995367, -0.01499511, -0.01177944,\n",
       "         0.01172062,  0.06287656,  0.03529049,  0.0386384 ,  0.04303273],\n",
       "       [-0.11703156, -0.06803119, -0.03172864,  0.00162188,  0.00984113,\n",
       "        -0.00855349,  0.03529049,  0.14541673,  0.09736287,  0.10755891],\n",
       "       [-0.14862967, -0.06200905, -0.02749956, -0.00970081,  0.00727505,\n",
       "         0.00474133,  0.0386384 ,  0.09736287,  0.28491121,  0.11835972],\n",
       "       [-0.15745651, -0.06932959, -0.03130699, -0.00130614,  0.01836323,\n",
       "        -0.01359965,  0.04303273,  0.10755891,  0.11835972,  0.46777793]])\n",
       "      jac: array([ 3.33786011e-06, -9.53674316e-07,  1.43051147e-06,  0.00000000e+00,\n",
       "       -1.90734863e-06, -1.43051147e-06, -9.53674316e-07,  5.72204590e-06,\n",
       "        4.76837158e-07,  0.00000000e+00])\n",
       "  message: 'Optimization terminated successfully.'\n",
       "     nfev: 407\n",
       "      nit: 31\n",
       "     njev: 37\n",
       "   status: 0\n",
       "  success: True\n",
       "        x: array([-3.68435506, -1.8317114 , -0.32485486,  2.57849185,  4.82916789,\n",
       "       -5.29109078,  0.91128158,  3.20199776,  5.08540133,  5.87272218])"
      ]
     },
     "execution_count": 3,
     "metadata": {},
     "output_type": "execute_result"
    }
   ],
   "source": [
    "s1 = minimize(log_likelihood, np.random.uniform(size=10), data[1])\n",
    "s1"
   ]
  },
  {
   "cell_type": "code",
   "execution_count": 4,
   "metadata": {},
   "outputs": [
    {
     "data": {
      "text/plain": [
       "      fun: 53.381625302878845\n",
       " hess_inv: array([[ 0.07935709,  0.0311769 ,  0.02158297,  0.01399887,  0.03204731,\n",
       "        -0.01473239, -0.02355099, -0.03638571, -0.04578944, -0.04756917],\n",
       "       [ 0.0311769 ,  0.06198511,  0.02360029,  0.01613894,  0.0202406 ,\n",
       "        -0.01608457, -0.02954985, -0.03665596, -0.03743543, -0.03945929],\n",
       "       [ 0.02158297,  0.02360029,  0.05397924,  0.01671167,  0.01976417,\n",
       "        -0.01669822, -0.0270176 , -0.02958992, -0.0274289 , -0.02689287],\n",
       "       [ 0.01399887,  0.01613894,  0.01671167,  0.16369643,  0.04012865,\n",
       "        -0.08548462, -0.01984652, -0.019451  , -0.01648765, -0.01642974],\n",
       "       [ 0.03204731,  0.0202406 ,  0.01976417,  0.04012865,  0.81594268,\n",
       "        -0.06571803, -0.00223441, -0.02159517, -0.012775  , -0.03142931],\n",
       "       [-0.01473239, -0.01608457, -0.01669822, -0.08548462, -0.06571803,\n",
       "         0.13311599,  0.01564851,  0.01433522,  0.01644472,  0.01722299],\n",
       "       [-0.02355099, -0.02954985, -0.0270176 , -0.01984652, -0.00223441,\n",
       "         0.01564851,  0.06873602,  0.02416828,  0.02268662,  0.02208765],\n",
       "       [-0.03638571, -0.03665596, -0.02958992, -0.019451  , -0.02159517,\n",
       "         0.01433522,  0.02416828,  0.07480504,  0.03290121,  0.03431789],\n",
       "       [-0.04578944, -0.03743543, -0.0274289 , -0.01648765, -0.012775  ,\n",
       "         0.01644472,  0.02268662,  0.03290121,  0.09333948,  0.03418679],\n",
       "       [-0.04756917, -0.03945929, -0.02689287, -0.01642974, -0.03142931,\n",
       "         0.01722299,  0.02208765,  0.03431789,  0.03418679,  0.09802036]])\n",
       "      jac: array([-9.53674316e-07,  4.76837158e-07,  0.00000000e+00,  0.00000000e+00,\n",
       "        1.90734863e-06,  0.00000000e+00, -9.53674316e-07,  9.53674316e-07,\n",
       "       -9.53674316e-07,  4.76837158e-07])\n",
       "  message: 'Optimization terminated successfully.'\n",
       "     nfev: 352\n",
       "      nit: 27\n",
       "     njev: 32\n",
       "   status: 0\n",
       "  success: True\n",
       "        x: array([-2.64514247, -1.73949328, -0.68846155,  2.61508717,  5.40708602,\n",
       "       -1.99842844,  0.25290923,  1.54162945,  2.36808173,  2.61909735])"
      ]
     },
     "execution_count": 4,
     "metadata": {},
     "output_type": "execute_result"
    }
   ],
   "source": [
    "s2 = minimize(log_likelihood, np.random.uniform(size=10), data[2])\n",
    "s2"
   ]
  },
  {
   "cell_type": "code",
   "execution_count": 6,
   "metadata": {},
   "outputs": [
    {
     "data": {
      "text/plain": [
       "      fun: 46.90895921308155\n",
       " hess_inv: array([[ 0.24529665,  0.043674  ,  0.03939889,  0.01403987,  0.01195388,\n",
       "        -0.0084816 , -0.00837679, -0.01380109, -0.04999121, -0.06631009],\n",
       "       [ 0.043674  ,  0.13709573,  0.0365664 ,  0.01261807,  0.01772628,\n",
       "        -0.0114927 , -0.01038733, -0.01459951, -0.04665498, -0.05985731],\n",
       "       [ 0.03939889,  0.0365664 ,  0.08811603,  0.01567152,  0.01820237,\n",
       "        -0.01418956, -0.01464519, -0.01726446, -0.04468685, -0.04831967],\n",
       "       [ 0.01403987,  0.01261807,  0.01567152,  0.09826207,  0.06558788,\n",
       "        -0.07325888, -0.04554408, -0.02421758, -0.01272618, -0.01388032],\n",
       "       [ 0.01195388,  0.01772628,  0.01820237,  0.06558788,  0.31474843,\n",
       "        -0.09696035, -0.04203057, -0.03097441, -0.00570681, -0.01844761],\n",
       "       [-0.0084816 , -0.0114927 , -0.01418956, -0.07325888, -0.09696035,\n",
       "         0.14839355,  0.02764796,  0.02178583,  0.00886529,  0.01493018],\n",
       "       [-0.00837679, -0.01038733, -0.01464519, -0.04554408, -0.04203057,\n",
       "         0.02764796,  0.10656192,  0.00979939,  0.00680621,  0.01054433],\n",
       "       [-0.01380109, -0.01459951, -0.01726446, -0.02421758, -0.03097441,\n",
       "         0.02178583,  0.00979939,  0.08365765,  0.005777  ,  0.01379799],\n",
       "       [-0.04999121, -0.04665498, -0.04468685, -0.01272618, -0.00570681,\n",
       "         0.00886529,  0.00680621,  0.005777  ,  0.09225254,  0.03949341],\n",
       "       [-0.06631009, -0.05985731, -0.04831967, -0.01388032, -0.01844761,\n",
       "         0.01493018,  0.01054433,  0.01379799,  0.03949341,  0.10193272]])\n",
       "      jac: array([ 4.76837158e-07,  4.76837158e-07, -2.38418579e-06, -5.72204590e-06,\n",
       "        1.43051147e-06, -2.38418579e-06, -9.53674316e-07,  9.53674316e-07,\n",
       "       -2.38418579e-06,  3.81469727e-06])\n",
       "  message: 'Optimization terminated successfully.'\n",
       "     nfev: 352\n",
       "      nit: 27\n",
       "     njev: 32\n",
       "   status: 0\n",
       "  success: True\n",
       "        x: array([-4.11520104, -3.1055119 , -2.04203947,  2.25480713,  4.62330784,\n",
       "       -2.51613191, -1.19431654, -0.30726349,  1.25651216,  2.12220319])"
      ]
     },
     "execution_count": 6,
     "metadata": {},
     "output_type": "execute_result"
    }
   ],
   "source": [
    "s3 = minimize(log_likelihood, np.random.uniform(size=10), data[3])\n",
    "s3"
   ]
  },
  {
   "cell_type": "code",
   "execution_count": 7,
   "metadata": {},
   "outputs": [
    {
     "data": {
      "text/plain": [
       "      fun: 42.814124954520466\n",
       " hess_inv: array([[ 0.32179785,  0.07844349,  0.05449573,  0.01461452,  0.00882381,\n",
       "        -0.01627354, -0.0311501 , -0.05817593, -0.08426352, -0.10792528],\n",
       "       [ 0.07844349,  0.13249104,  0.04649428,  0.02354662,  0.0447384 ,\n",
       "        -0.032697  , -0.03303267, -0.05637354, -0.07961819, -0.09097834],\n",
       "       [ 0.05449573,  0.04649428,  0.0752859 ,  0.02226443,  0.03054786,\n",
       "        -0.02594015, -0.04071004, -0.04897971, -0.05874181, -0.05613675],\n",
       "       [ 0.01461452,  0.02354662,  0.02226443,  0.26881299,  0.20235897,\n",
       "        -0.22282186, -0.03518368, -0.01660255, -0.01953648, -0.00738879],\n",
       "       [ 0.00882381,  0.0447384 ,  0.03054786,  0.20235897,  1.15105431,\n",
       "        -0.27128602, -0.0378983 , -0.01765955, -0.02347576, -0.00158788],\n",
       "       [-0.01627354, -0.032697  , -0.02594015, -0.22282186, -0.27128602,\n",
       "         0.29982894,  0.02919904,  0.02047143,  0.02388637,  0.00932616],\n",
       "       [-0.0311501 , -0.03303267, -0.04071004, -0.03518368, -0.0378983 ,\n",
       "         0.02919904,  0.08428046,  0.03061159,  0.03253926,  0.03143269],\n",
       "       [-0.05817593, -0.05637354, -0.04897971, -0.01660255, -0.01765955,\n",
       "         0.02047143,  0.03061159,  0.10620431,  0.04768428,  0.05446791],\n",
       "       [-0.08426352, -0.07961819, -0.05874181, -0.01953648, -0.02347576,\n",
       "         0.02388637,  0.03253926,  0.04768428,  0.13684676,  0.07116645],\n",
       "       [-0.10792528, -0.09097834, -0.05613675, -0.00738879, -0.00158788,\n",
       "         0.00932616,  0.03143269,  0.05446791,  0.07116645,  0.1460798 ]])\n",
       "      jac: array([ 9.53674316e-07, -9.53674316e-07, -4.76837158e-07,  9.53674316e-07,\n",
       "        4.76837158e-07,  4.76837158e-07,  1.90734863e-06,  0.00000000e+00,\n",
       "        0.00000000e+00, -4.76837158e-07])\n",
       "  message: 'Optimization terminated successfully.'\n",
       "     nfev: 396\n",
       "      nit: 31\n",
       "     njev: 36\n",
       "   status: 0\n",
       "  success: True\n",
       "        x: array([-5.43242868, -3.92658284, -1.4151883 ,  2.91516352,  6.24088378,\n",
       "       -3.005     ,  0.42307443,  1.72985662,  2.42279707,  3.04850155])"
      ]
     },
     "execution_count": 7,
     "metadata": {},
     "output_type": "execute_result"
    }
   ],
   "source": [
    "s4 = minimize(log_likelihood, np.random.uniform(size=10), data[4])\n",
    "s4"
   ]
  },
  {
   "cell_type": "code",
   "execution_count": null,
   "metadata": {},
   "outputs": [],
   "source": []
  }
 ],
 "metadata": {
  "kernelspec": {
   "display_name": "Python 3.10.6 64-bit",
   "language": "python",
   "name": "python3"
  },
  "language_info": {
   "codemirror_mode": {
    "name": "ipython",
    "version": 3
   },
   "file_extension": ".py",
   "mimetype": "text/x-python",
   "name": "python",
   "nbconvert_exporter": "python",
   "pygments_lexer": "ipython3",
   "version": "3.10.6"
  },
  "orig_nbformat": 4,
  "vscode": {
   "interpreter": {
    "hash": "b0fa6594d8f4cbf19f97940f81e996739fb7646882a419484c72d19e05852a7e"
   }
  }
 },
 "nbformat": 4,
 "nbformat_minor": 2
}
