{
 "cells": [
  {
   "cell_type": "code",
   "execution_count": 6,
   "metadata": {},
   "outputs": [],
   "source": [
    "# Visualising the data\n",
    "# • Plot a probability density histogram for each type of stimulus. This height of each bar\n",
    "# should be the proportion of responses divided by the width of the column.\n",
    "\n",
    "import seaborn as sns\n",
    "import matplotlib.pyplot as plt\n",
    "import numpy as np\n",
    "import pandas as pd\n",
    "import glob\n",
    "%matplotlib inline\n",
    "plt.rcParams['figure.figsize'] = (20,10)\n",
    "\n",
    "# Load the data\n",
    "data_path= \"Data/Part_2/\"\n",
    "dfs = []\n",
    "for file in glob.glob('Data/Part_2/*.txt'):\n",
    "  dfs.append(pd.DataFrame(np.loadtxt(file)))\n",
    "df_all = pd.concat(dfs)"
   ]
  },
  {
   "cell_type": "code",
   "execution_count": 7,
   "metadata": {},
   "outputs": [],
   "source": [
    "# The first row of the array contains response counts for the auditory stimuli. The columns of\n",
    "# the first row indicate the specific auditory stimulus ranging from very similar to a ’b’ in the\n",
    "# first column to very similar to a ’d’ in the last column. Likewise, the second row contains\n",
    "# response counts to the visual stimulus ranging from very similar to a ’b’ to very similar to a\n",
    "# ’d’. Rows 3-7 contains response counts for the audiovisual stimuli. Rows indicate the visual\n",
    "# component of the stimulus ranging from very similar to a ’b’ (row 3) to very similar to a ’d’\n",
    "# (row 7). Columns indicate the auditory component of the stimulus ranging from very similar\n",
    "# to a ’b’ (column 1) to very similar to a ’d’ (column 5).\n",
    "# df_all"
   ]
  },
  {
   "cell_type": "code",
   "execution_count": 8,
   "metadata": {},
   "outputs": [],
   "source": [
    "# split df_all into 5 dfs\n",
    "df_1 = df_all.iloc[0:7,0:5]\n",
    "df_2 = df_all.iloc[7:14,0:5]\n",
    "df_3 = df_all.iloc[14:21,0:5]\n",
    "df_4 = df_all.iloc[21:28,0:5]\n",
    "df_5 = df_all.iloc[28:35,0:5]\n",
    "\n"
   ]
  },
  {
   "cell_type": "code",
   "execution_count": 9,
   "metadata": {},
   "outputs": [],
   "source": [
    "# fit the early strong fusion model\n",
    "\n",
    "def early_strong_fusion(data):\n",
    "    # our code here\n",
    "    return model\n",
    "\n",
    "  \n"
   ]
  },
  {
   "cell_type": "code",
   "execution_count": 10,
   "metadata": {},
   "outputs": [
    {
     "data": {
      "text/html": [
       "<div>\n",
       "<style scoped>\n",
       "    .dataframe tbody tr th:only-of-type {\n",
       "        vertical-align: middle;\n",
       "    }\n",
       "\n",
       "    .dataframe tbody tr th {\n",
       "        vertical-align: top;\n",
       "    }\n",
       "\n",
       "    .dataframe thead th {\n",
       "        text-align: right;\n",
       "    }\n",
       "</style>\n",
       "<table border=\"1\" class=\"dataframe\">\n",
       "  <thead>\n",
       "    <tr style=\"text-align: right;\">\n",
       "      <th></th>\n",
       "      <th>0</th>\n",
       "      <th>1</th>\n",
       "      <th>2</th>\n",
       "      <th>3</th>\n",
       "      <th>4</th>\n",
       "    </tr>\n",
       "  </thead>\n",
       "  <tbody>\n",
       "    <tr>\n",
       "      <th>0</th>\n",
       "      <td>0.0</td>\n",
       "      <td>1.0</td>\n",
       "      <td>8.0</td>\n",
       "      <td>24.0</td>\n",
       "      <td>24.0</td>\n",
       "    </tr>\n",
       "    <tr>\n",
       "      <th>1</th>\n",
       "      <td>0.0</td>\n",
       "      <td>15.0</td>\n",
       "      <td>24.0</td>\n",
       "      <td>23.0</td>\n",
       "      <td>24.0</td>\n",
       "    </tr>\n",
       "    <tr>\n",
       "      <th>2</th>\n",
       "      <td>0.0</td>\n",
       "      <td>0.0</td>\n",
       "      <td>1.0</td>\n",
       "      <td>12.0</td>\n",
       "      <td>23.0</td>\n",
       "    </tr>\n",
       "    <tr>\n",
       "      <th>3</th>\n",
       "      <td>1.0</td>\n",
       "      <td>1.0</td>\n",
       "      <td>5.0</td>\n",
       "      <td>23.0</td>\n",
       "      <td>24.0</td>\n",
       "    </tr>\n",
       "    <tr>\n",
       "      <th>4</th>\n",
       "      <td>0.0</td>\n",
       "      <td>2.0</td>\n",
       "      <td>12.0</td>\n",
       "      <td>23.0</td>\n",
       "      <td>24.0</td>\n",
       "    </tr>\n",
       "    <tr>\n",
       "      <th>5</th>\n",
       "      <td>2.0</td>\n",
       "      <td>4.0</td>\n",
       "      <td>17.0</td>\n",
       "      <td>23.0</td>\n",
       "      <td>24.0</td>\n",
       "    </tr>\n",
       "    <tr>\n",
       "      <th>6</th>\n",
       "      <td>1.0</td>\n",
       "      <td>7.0</td>\n",
       "      <td>20.0</td>\n",
       "      <td>24.0</td>\n",
       "      <td>24.0</td>\n",
       "    </tr>\n",
       "  </tbody>\n",
       "</table>\n",
       "</div>"
      ],
      "text/plain": [
       "     0     1     2     3     4\n",
       "0  0.0   1.0   8.0  24.0  24.0\n",
       "1  0.0  15.0  24.0  23.0  24.0\n",
       "2  0.0   0.0   1.0  12.0  23.0\n",
       "3  1.0   1.0   5.0  23.0  24.0\n",
       "4  0.0   2.0  12.0  23.0  24.0\n",
       "5  2.0   4.0  17.0  23.0  24.0\n",
       "6  1.0   7.0  20.0  24.0  24.0"
      ]
     },
     "execution_count": 10,
     "metadata": {},
     "output_type": "execute_result"
    }
   ],
   "source": [
    "df_1"
   ]
  },
  {
   "cell_type": "code",
   "execution_count": 66,
   "metadata": {},
   "outputs": [],
   "source": [
    "from scipy.stats import norm\n",
    "\n",
    "means_ini = np.array([1,2,3,4,5])\n",
    "# means_ini = [1,2,3,4,5]\n",
    "sigma_a_ini = df_1[0].std(axis=0).mean()\n",
    "sigma_v_ini = df_1[1].std(axis=0).mean()"
   ]
  },
  {
   "cell_type": "code",
   "execution_count": 12,
   "metadata": {},
   "outputs": [],
   "source": [
    "# calculate the combined distributions\n",
    "def combined_distributions(means_est, sigma_a_ini, sigma_v_ini, data):\n",
    "    w_a = (sigma_v_ini)**2 / ((sigma_v_ini)**2 + (sigma_a_ini)**2)\n",
    "    \n",
    "    # 5 by 5 matrix of 0 \n",
    "    means_av_matrix= np.zeros((5,5))\n",
    "    print(means_av_matrix)\n",
    "    # for i in range(5):\n",
    "    #     for j in range(5):\n",
    "    #         mean_av = w_a * (means_est[i]) + (1 - w_a) * (means_est[j+2])\n",
    "    #         np.append(means_av_matrix[i,j], mean_av, axis=0)\n",
    "    # sigma_av = ((sigma_a_ini)**2 * (sigma_v_ini)**2) / ((sigma_a_ini)**2 + (sigma_v_ini)**2)\n",
    "\n",
    "\n",
    "    # return [means_av_matrix, sigma_av] \n",
    "    return means_av_matrix"
   ]
  },
  {
   "cell_type": "code",
   "execution_count": 13,
   "metadata": {},
   "outputs": [
    {
     "name": "stdout",
     "output_type": "stream",
     "text": [
      "[[0. 0. 0. 0. 0.]\n",
      " [0. 0. 0. 0. 0.]\n",
      " [0. 0. 0. 0. 0.]\n",
      " [0. 0. 0. 0. 0.]\n",
      " [0. 0. 0. 0. 0.]]\n"
     ]
    },
    {
     "data": {
      "text/plain": [
       "array([[0., 0., 0., 0., 0.],\n",
       "       [0., 0., 0., 0., 0.],\n",
       "       [0., 0., 0., 0., 0.],\n",
       "       [0., 0., 0., 0., 0.],\n",
       "       [0., 0., 0., 0., 0.]])"
      ]
     },
     "execution_count": 13,
     "metadata": {},
     "output_type": "execute_result"
    }
   ],
   "source": [
    "combined_distributions(means_ini, sigma_a_ini, sigma_v_ini, df_1)"
   ]
  },
  {
   "cell_type": "code",
   "execution_count": 14,
   "metadata": {},
   "outputs": [
    {
     "ename": "NameError",
     "evalue": "name 'err' is not defined",
     "output_type": "error",
     "traceback": [
      "\u001b[0;31m---------------------------------------------------------------------------\u001b[0m",
      "\u001b[0;31mNameError\u001b[0m                                 Traceback (most recent call last)",
      "\u001b[1;32m/Users/gustavlarsen/Library/CloudStorage/OneDrive-DanmarksTekniskeUniversitet/Uni/Cognitive Modelling/CogMod3/Part_2.ipynb Cell 9\u001b[0m in \u001b[0;36m<cell line: 3>\u001b[0;34m()\u001b[0m\n\u001b[1;32m      <a href='vscode-notebook-cell:/Users/gustavlarsen/Library/CloudStorage/OneDrive-DanmarksTekniskeUniversitet/Uni/Cognitive%20Modelling/CogMod3/Part_2.ipynb#X11sZmlsZQ%3D%3D?line=0'>1</a>\u001b[0m \u001b[39m# use the binomial pdf with the normal cdf inside \u001b[39;00m\n\u001b[1;32m      <a href='vscode-notebook-cell:/Users/gustavlarsen/Library/CloudStorage/OneDrive-DanmarksTekniskeUniversitet/Uni/Cognitive%20Modelling/CogMod3/Part_2.ipynb#X11sZmlsZQ%3D%3D?line=1'>2</a>\u001b[0m \u001b[39m# look at the psycometric function for the first assignment homework \u001b[39;00m\n\u001b[0;32m----> <a href='vscode-notebook-cell:/Users/gustavlarsen/Library/CloudStorage/OneDrive-DanmarksTekniskeUniversitet/Uni/Cognitive%20Modelling/CogMod3/Part_2.ipynb#X11sZmlsZQ%3D%3D?line=2'>3</a>\u001b[0m err \u001b[39m-\u001b[39m stats\u001b[39m.\u001b[39mbinomial\u001b[39m.\u001b[39mpdf(data0[i], loc\u001b[39m=\u001b[39mmeans[i], scale\u001b[39m=\u001b[39mscale[i])\u001b[39m.\u001b[39msum()\n",
      "\u001b[0;31mNameError\u001b[0m: name 'err' is not defined"
     ]
    }
   ],
   "source": [
    "# use the binomial pdf with the normal cdf inside \n",
    "# look at the psycometric function for the first assignment homework \n",
    "err - stats.binomial.pdf(data0[i], loc=means[i], scale=scale[i]).sum() \n"
   ]
  },
  {
   "cell_type": "code",
   "execution_count": null,
   "metadata": {},
   "outputs": [],
   "source": []
  },
  {
   "cell_type": "code",
   "execution_count": null,
   "metadata": {},
   "outputs": [],
   "source": []
  },
  {
   "cell_type": "code",
   "execution_count": 175,
   "metadata": {},
   "outputs": [],
   "source": [
    "def combined_distributions(means_atilde, means_vtilde, sigma_a_ini, sigma_v_ini):\n",
    "    w_a = (sigma_v_ini)**2 / ((sigma_v_ini)**2 + (sigma_a_ini)**2)\n",
    "    w_v = (sigma_a_ini)**2 / ((sigma_a_ini)**2 + (sigma_v_ini)**2)\n",
    "    \n",
    "    # 5 by 5 matrix of 0 \n",
    "    means_av_matrix= np.zeros((5,5))\n",
    "    for i in range(5):\n",
    "        for j in range(5):\n",
    "            #mean_av = w_a * means_atilde[i] + (1 - w_a) * means_vtilde[j]\n",
    "            mean_av = w_a * means_atilde[i] + w_v * means_vtilde[j]\n",
    "            means_av_matrix[i,j] = mean_av\n",
    "    sigma_av = ((sigma_a_ini)**2 * (sigma_v_ini)**2) / ((sigma_a_ini)**2 + (sigma_v_ini)**2)\n",
    "\n",
    "\n",
    "    return [means_av_matrix, sigma_av] \n",
    "    #return means_av_matrix\n",
    "    "
   ]
  },
  {
   "cell_type": "code",
   "execution_count": 176,
   "metadata": {},
   "outputs": [],
   "source": [
    "#combined_distributions(means_ini, sigma_a_ini, sigma_v_ini, 0.4, 0.8)"
   ]
  },
  {
   "cell_type": "code",
   "execution_count": 183,
   "metadata": {},
   "outputs": [],
   "source": [
    "# fit an early Bayesian Causal Inference model (BCI)\n",
    "\n",
    "from scipy import stats\n",
    "import scipy\n",
    "\n",
    "NUM_RESPONSES = 24\n",
    "\n",
    "def early_BCI(params, d):\n",
    "    means = np.array(params[:5])\n",
    "    sigma_a = params[5]\n",
    "    sigma_v = params[6] \n",
    "    c_a = params[7]\n",
    "    c_v = params[8]\n",
    "    c = params[9]\n",
    "\n",
    "    #c_a = 1/(1+np.exp(-c_a))\n",
    "    #c_v = 1/(1+np.exp(-c_v))\n",
    "\n",
    "    c = 1/(1+np.exp(-c))\n",
    "\n",
    "    means_atilde = means - c_a\n",
    "    means_vtilde = means - c_v\n",
    "\n",
    "    estimates = combined_distributions(means_atilde, means_vtilde, sigma_a, sigma_v)\n",
    "    audiovisual_means = estimates[0]\n",
    "    sigma_av = estimates[1]\n",
    "    # Calculate  log likelihood\n",
    "    \n",
    "    mu_av_a = np.transpose(np.vstack([means_atilde, means_atilde, means_atilde, means_atilde, means_atilde]))\n",
    "\n",
    "    Pa = stats.norm.cdf((means_atilde - c_a)/sigma_a)\n",
    "    Pv = stats.norm.cdf((means_vtilde - c_v)/sigma_v)\n",
    "    Pav = stats.norm.cdf((audiovisual_means)/sigma_av)\n",
    "    Pav_a = stats.norm.cdf((mu_av_a)/sigma_a)\n",
    "\n",
    "    L = []\n",
    "    for i in range(5):\n",
    "        for j in range(5):\n",
    "            L.append(np.log(stats.binom.pmf(d[i+2][j], NUM_RESPONSES, Pav[i][j])*c + stats.binom.pmf(d[i+2][j], NUM_RESPONSES, Pav_a[i][j])*(1-c)))\n",
    "\n",
    "    nll = -sum(np.log(stats.binom.pmf(d[0,:], NUM_RESPONSES, Pa))) - sum(np.log(stats.binom.pmf(d[1,:], NUM_RESPONSES, Pv))) - sum(L)\n",
    "    return nll\n",
    "\n",
    "###### is this just the same as we did in part 1? The BCI model? ######"
   ]
  },
  {
   "cell_type": "code",
   "execution_count": 184,
   "metadata": {},
   "outputs": [
    {
     "name": "stderr",
     "output_type": "stream",
     "text": [
      "/var/folders/p7/1qllz46s60lfswf2l4vv4qtr0000gn/T/ipykernel_21871/1513279994.py:41: RuntimeWarning: divide by zero encountered in log\n",
      "  nll = -sum(np.log(stats.binom.pmf(d[0,:], NUM_RESPONSES, Pa))) - sum(np.log(stats.binom.pmf(d[1,:], NUM_RESPONSES, Pv))) - sum(L)\n",
      "/opt/homebrew/lib/python3.10/site-packages/scipy/optimize/_numdiff.py:576: RuntimeWarning: invalid value encountered in subtract\n",
      "  df = fun(x) - f0\n",
      "/var/folders/p7/1qllz46s60lfswf2l4vv4qtr0000gn/T/ipykernel_21871/1513279994.py:41: RuntimeWarning: divide by zero encountered in log\n",
      "  nll = -sum(np.log(stats.binom.pmf(d[0,:], NUM_RESPONSES, Pa))) - sum(np.log(stats.binom.pmf(d[1,:], NUM_RESPONSES, Pv))) - sum(L)\n",
      "/var/folders/p7/1qllz46s60lfswf2l4vv4qtr0000gn/T/ipykernel_21871/1513279994.py:39: RuntimeWarning: divide by zero encountered in log\n",
      "  L.append(np.log(stats.binom.pmf(d[i+2][j], NUM_RESPONSES, Pav[i][j])*c + stats.binom.pmf(d[i+2][j], NUM_RESPONSES, Pav_a[i][j])*(1-c)))\n",
      "/opt/homebrew/lib/python3.10/site-packages/scipy/stats/_discrete_distns.py:78: RuntimeWarning: divide by zero encountered in _binom_pdf\n",
      "  return _boost._binom_pdf(x, n, p)\n"
     ]
    },
    {
     "data": {
      "text/plain": [
       "      fun: 52.13056733161228\n",
       " hess_inv: array([[ 1.10442887e+01,  2.92778435e+00, -1.89637206e-01,\n",
       "        -8.94686397e+00, -1.10911744e+01, -1.38935769e+00,\n",
       "        -1.40983030e+00, -5.51822689e-01,  2.35410282e+00,\n",
       "        -2.17134130e-01],\n",
       "       [ 2.92778435e+00,  2.30668283e+00,  9.86330593e-01,\n",
       "        -1.36944798e+00, -1.92398188e+00, -2.78670974e-01,\n",
       "        -2.61519745e-01,  4.36550472e-01,  1.33335240e+00,\n",
       "        -3.98395045e-01],\n",
       "       [-1.89637206e-01,  9.86330593e-01,  1.86713631e+00,\n",
       "         1.73889775e+00,  1.74189317e+00,  1.79712282e-01,\n",
       "         2.21042267e-01,  9.04212033e-01,  5.35571213e-01,\n",
       "        -1.14073508e-01],\n",
       "       [-8.94686397e+00, -1.36944798e+00,  1.73889775e+00,\n",
       "         1.02955634e+01,  1.11440208e+01,  1.41764760e+00,\n",
       "         1.44844673e+00,  1.44497292e+00, -1.37393700e+00,\n",
       "        -1.59638688e-01],\n",
       "       [-1.10911744e+01, -1.92398188e+00,  1.74189317e+00,\n",
       "         1.11440208e+01,  1.44608650e+01,  1.69008958e+00,\n",
       "         1.72049534e+00,  1.51289242e+00, -1.78558646e+00,\n",
       "        -4.49743765e-02],\n",
       "       [-1.38935769e+00, -2.78670974e-01,  1.79712282e-01,\n",
       "         1.41764760e+00,  1.69008958e+00,  2.26909945e-01,\n",
       "         2.20451964e-01,  1.65196068e-01, -2.51179530e-01,\n",
       "        -3.61697656e-02],\n",
       "       [-1.40983030e+00, -2.61519745e-01,  2.21042267e-01,\n",
       "         1.44844673e+00,  1.72049534e+00,  2.20451964e-01,\n",
       "         2.31536561e-01,  1.80071842e-01, -2.45056733e-01,\n",
       "        -6.16904680e-03],\n",
       "       [-5.51822689e-01,  4.36550472e-01,  9.04212033e-01,\n",
       "         1.44497292e+00,  1.51289242e+00,  1.65196068e-01,\n",
       "         1.80071842e-01,  5.98727061e-01,  1.82972571e-01,\n",
       "        -6.76359775e-02],\n",
       "       [ 2.35410282e+00,  1.33335240e+00,  5.35571213e-01,\n",
       "        -1.37393700e+00, -1.78558646e+00, -2.51179530e-01,\n",
       "        -2.45056733e-01,  1.82972571e-01,  9.31487075e-01,\n",
       "        -2.08253292e-01],\n",
       "       [-2.17134130e-01, -3.98395045e-01, -1.14073508e-01,\n",
       "        -1.59638688e-01, -4.49743765e-02, -3.61697656e-02,\n",
       "        -6.16904680e-03, -6.76359775e-02, -2.08253292e-01,\n",
       "         1.08044480e+00]])\n",
       "      jac: array([ 0.00000000e+00,  0.00000000e+00,  4.76837158e-07, -9.53674316e-07,\n",
       "        0.00000000e+00, -3.81469727e-06,  2.38418579e-06, -1.43051147e-06,\n",
       "       -1.90734863e-06, -9.53674316e-07])\n",
       "  message: 'Optimization terminated successfully.'\n",
       "     nfev: 906\n",
       "      nit: 76\n",
       "     njev: 82\n",
       "   status: 0\n",
       "  success: True\n",
       "        x: array([-10.29419693,  -1.4783599 ,   3.18745731,  11.67267001,\n",
       "        13.66649224,   3.05907706,   3.11924266,   2.43415198,\n",
       "        -1.62271904,   2.2790594 ])"
      ]
     },
     "execution_count": 184,
     "metadata": {},
     "output_type": "execute_result"
    }
   ],
   "source": [
    "parameters = [1,2,3,4,5, sigma_a_ini, sigma_v_ini, 0.5, 0.5, 0]\n",
    "e_bci_0 = minimize(early_BCI, parameters, data[0])\n",
    "e_bci_0"
   ]
  },
  {
   "cell_type": "code",
   "execution_count": 185,
   "metadata": {},
   "outputs": [
    {
     "name": "stderr",
     "output_type": "stream",
     "text": [
      "/var/folders/p7/1qllz46s60lfswf2l4vv4qtr0000gn/T/ipykernel_21871/1513279994.py:41: RuntimeWarning: divide by zero encountered in log\n",
      "  nll = -sum(np.log(stats.binom.pmf(d[0,:], NUM_RESPONSES, Pa))) - sum(np.log(stats.binom.pmf(d[1,:], NUM_RESPONSES, Pv))) - sum(L)\n",
      "/opt/homebrew/lib/python3.10/site-packages/scipy/optimize/_numdiff.py:576: RuntimeWarning: invalid value encountered in subtract\n",
      "  df = fun(x) - f0\n",
      "/var/folders/p7/1qllz46s60lfswf2l4vv4qtr0000gn/T/ipykernel_21871/1513279994.py:41: RuntimeWarning: divide by zero encountered in log\n",
      "  nll = -sum(np.log(stats.binom.pmf(d[0,:], NUM_RESPONSES, Pa))) - sum(np.log(stats.binom.pmf(d[1,:], NUM_RESPONSES, Pv))) - sum(L)\n"
     ]
    },
    {
     "data": {
      "text/plain": [
       "      fun: 61.18995844186229\n",
       " hess_inv: array([[ 0.18909616,  0.18573249,  0.26420391,  0.41385408,  0.57708318,\n",
       "         0.06495379, -0.03181546,  0.16578615,  0.11075992, -0.03708021],\n",
       "       [ 0.18573249,  0.38443865,  0.52827179,  0.90436818,  1.1135195 ,\n",
       "         0.15631357,  0.02772742,  0.31810658,  0.18751692, -0.03376641],\n",
       "       [ 0.26420391,  0.52827179,  0.8469716 ,  1.37597767,  1.67844638,\n",
       "         0.24554038,  0.04495536,  0.47588106,  0.26793784, -0.04350306],\n",
       "       [ 0.41385408,  0.90436818,  1.37597767,  2.72706461,  2.9315902 ,\n",
       "         0.46523583,  0.09937933,  0.83495429,  0.44272027, -0.08932652],\n",
       "       [ 0.57708318,  1.1135195 ,  1.67844638,  2.9315902 ,  3.65267647,\n",
       "         0.5389691 ,  0.08849468,  1.01930626,  0.5516077 , -0.0433529 ],\n",
       "       [ 0.06495379,  0.15631357,  0.24554038,  0.46523583,  0.5389691 ,\n",
       "         0.09189425,  0.02470562,  0.14658051,  0.07504625, -0.01196809],\n",
       "       [-0.03181546,  0.02772742,  0.04495536,  0.09937933,  0.08849468,\n",
       "         0.02470562,  0.02887411,  0.02296851,  0.008271  ,  0.0046893 ],\n",
       "       [ 0.16578615,  0.31810658,  0.47588106,  0.83495429,  1.01930626,\n",
       "         0.14658051,  0.02296851,  0.29020458,  0.15936497, -0.03234421],\n",
       "       [ 0.11075992,  0.18751692,  0.26793784,  0.44272027,  0.5516077 ,\n",
       "         0.07504625,  0.008271  ,  0.15936497,  0.10358942, -0.02177455],\n",
       "       [-0.03708021, -0.03376641, -0.04350306, -0.08932652, -0.0433529 ,\n",
       "        -0.01196809,  0.0046893 , -0.03234421, -0.02177455,  0.26537271]])\n",
       "      jac: array([ 1.04904175e-05, -1.90734863e-06,  9.53674316e-07, -4.76837158e-07,\n",
       "       -9.53674316e-07,  9.53674316e-06,  1.19209290e-05, -9.53674316e-07,\n",
       "       -3.33786011e-06, -9.53674316e-07])\n",
       "  message: 'Desired error not necessarily achieved due to precision loss.'\n",
       "     nfev: 1038\n",
       "      nit: 33\n",
       "     njev: 93\n",
       "   status: 2\n",
       "  success: False\n",
       "        x: array([-0.06204375,  1.78563035,  2.90800609,  5.56873838,  6.54251568,\n",
       "        1.40599764,  0.71707629,  1.54646909,  0.60530223, -0.01077886])"
      ]
     },
     "execution_count": 185,
     "metadata": {},
     "output_type": "execute_result"
    }
   ],
   "source": [
    "e_bci_1 = minimize(early_BCI, parameters, data[1])\n",
    "e_bci_1"
   ]
  },
  {
   "cell_type": "code",
   "execution_count": 186,
   "metadata": {},
   "outputs": [
    {
     "name": "stderr",
     "output_type": "stream",
     "text": [
      "/var/folders/p7/1qllz46s60lfswf2l4vv4qtr0000gn/T/ipykernel_21871/1513279994.py:41: RuntimeWarning: divide by zero encountered in log\n",
      "  nll = -sum(np.log(stats.binom.pmf(d[0,:], NUM_RESPONSES, Pa))) - sum(np.log(stats.binom.pmf(d[1,:], NUM_RESPONSES, Pv))) - sum(L)\n",
      "/opt/homebrew/lib/python3.10/site-packages/scipy/optimize/_numdiff.py:576: RuntimeWarning: invalid value encountered in subtract\n",
      "  df = fun(x) - f0\n",
      "/var/folders/p7/1qllz46s60lfswf2l4vv4qtr0000gn/T/ipykernel_21871/1513279994.py:41: RuntimeWarning: divide by zero encountered in log\n",
      "  nll = -sum(np.log(stats.binom.pmf(d[0,:], NUM_RESPONSES, Pa))) - sum(np.log(stats.binom.pmf(d[1,:], NUM_RESPONSES, Pv))) - sum(L)\n",
      "/var/folders/p7/1qllz46s60lfswf2l4vv4qtr0000gn/T/ipykernel_21871/1513279994.py:39: RuntimeWarning: divide by zero encountered in log\n",
      "  L.append(np.log(stats.binom.pmf(d[i+2][j], NUM_RESPONSES, Pav[i][j])*c + stats.binom.pmf(d[i+2][j], NUM_RESPONSES, Pav_a[i][j])*(1-c)))\n",
      "/opt/homebrew/lib/python3.10/site-packages/scipy/stats/_discrete_distns.py:78: RuntimeWarning: divide by zero encountered in _binom_pdf\n",
      "  return _boost._binom_pdf(x, n, p)\n"
     ]
    },
    {
     "data": {
      "text/plain": [
       "      fun: 65.10303632606644\n",
       " hess_inv: array([[ 7.50451254e-01,  3.68487173e-01,  1.41912293e-01,\n",
       "         4.24121080e-01,  1.22767209e+00, -1.14961112e-02,\n",
       "         2.00006276e-02,  9.92393471e-02,  5.50698670e-01,\n",
       "        -2.45636362e+00],\n",
       "       [ 3.68487173e-01,  2.25775816e-01,  8.22047453e-02,\n",
       "         2.21704815e-01,  6.36078949e-01, -5.93291140e-03,\n",
       "         1.04286018e-02,  5.40606075e-02,  2.91184890e-01,\n",
       "        -1.31495052e+00],\n",
       "       [ 1.41912293e-01,  8.22047453e-02,  6.94629488e-02,\n",
       "         8.56372468e-02,  1.90269811e-01, -6.09082815e-03,\n",
       "         3.92023839e-03,  3.11216951e-02,  1.06853137e-01,\n",
       "        -5.82632524e-01],\n",
       "       [ 4.24121080e-01,  2.21704815e-01,  8.56372468e-02,\n",
       "         3.73996091e-01,  8.21899465e-01, -3.25182631e-03,\n",
       "         1.34533575e-02,  6.10154359e-02,  3.48428244e-01,\n",
       "        -1.58683729e+00],\n",
       "       [ 1.22767209e+00,  6.36078949e-01,  1.90269811e-01,\n",
       "         8.21899465e-01,  2.43233987e+00, -3.11773266e-03,\n",
       "         3.90791954e-02,  1.46830110e-01,  9.85262645e-01,\n",
       "        -4.15844799e+00],\n",
       "       [-1.14961112e-02, -5.93291140e-03, -6.09082815e-03,\n",
       "        -3.25182631e-03, -3.11773266e-03,  2.73257383e-03,\n",
       "        -1.80847539e-04, -5.06566120e-03, -6.99606883e-03,\n",
       "         4.47443851e-02],\n",
       "       [ 2.00006276e-02,  1.04286018e-02,  3.92023839e-03,\n",
       "         1.34533575e-02,  3.90791954e-02, -1.80847539e-04,\n",
       "         6.54922173e-04,  2.75369916e-03,  1.59373043e-02,\n",
       "        -6.97592366e-02],\n",
       "       [ 9.92393471e-02,  5.40606075e-02,  3.11216951e-02,\n",
       "         6.10154359e-02,  1.46830110e-01, -5.06566120e-03,\n",
       "         2.75369916e-03,  2.65530566e-02,  7.21133028e-02,\n",
       "        -3.72389346e-01],\n",
       "       [ 5.50698670e-01,  2.91184890e-01,  1.06853137e-01,\n",
       "         3.48428244e-01,  9.85262645e-01, -6.99606883e-03,\n",
       "         1.59373043e-02,  7.21133028e-02,  4.35529655e-01,\n",
       "        -1.89538535e+00],\n",
       "       [-2.45636362e+00, -1.31495052e+00, -5.82632524e-01,\n",
       "        -1.58683729e+00, -4.15844799e+00,  4.47443851e-02,\n",
       "        -6.97592366e-02, -3.72389346e-01, -1.89538535e+00,\n",
       "         8.72037702e+00]])\n",
       "      jac: array([ 3.81469727e-06, -3.81469727e-06, -5.72204590e-06, -1.90734863e-06,\n",
       "        5.72204590e-06, -1.14440918e-05,  7.82012939e-05,  0.00000000e+00,\n",
       "        2.57492065e-05,  0.00000000e+00])\n",
       "  message: 'Desired error not necessarily achieved due to precision loss.'\n",
       "     nfev: 1051\n",
       "      nit: 39\n",
       "     njev: 94\n",
       "   status: 2\n",
       "  success: False\n",
       "        x: array([-3.28991538, -1.41628572, -0.08402087,  3.03462835,  4.06531998,\n",
       "        1.89084956,  1.52702556,  0.07452848, -0.68693191, 16.13442994])"
      ]
     },
     "execution_count": 186,
     "metadata": {},
     "output_type": "execute_result"
    }
   ],
   "source": [
    "e_bci_2 = minimize(early_BCI, parameters, data[2])\n",
    "e_bci_2"
   ]
  },
  {
   "cell_type": "code",
   "execution_count": 187,
   "metadata": {},
   "outputs": [
    {
     "name": "stderr",
     "output_type": "stream",
     "text": [
      "/var/folders/p7/1qllz46s60lfswf2l4vv4qtr0000gn/T/ipykernel_21871/1513279994.py:41: RuntimeWarning: divide by zero encountered in log\n",
      "  nll = -sum(np.log(stats.binom.pmf(d[0,:], NUM_RESPONSES, Pa))) - sum(np.log(stats.binom.pmf(d[1,:], NUM_RESPONSES, Pv))) - sum(L)\n",
      "/opt/homebrew/lib/python3.10/site-packages/scipy/optimize/_numdiff.py:576: RuntimeWarning: invalid value encountered in subtract\n",
      "  df = fun(x) - f0\n",
      "/var/folders/p7/1qllz46s60lfswf2l4vv4qtr0000gn/T/ipykernel_21871/1513279994.py:41: RuntimeWarning: divide by zero encountered in log\n",
      "  nll = -sum(np.log(stats.binom.pmf(d[0,:], NUM_RESPONSES, Pa))) - sum(np.log(stats.binom.pmf(d[1,:], NUM_RESPONSES, Pv))) - sum(L)\n",
      "/var/folders/p7/1qllz46s60lfswf2l4vv4qtr0000gn/T/ipykernel_21871/1513279994.py:39: RuntimeWarning: divide by zero encountered in log\n",
      "  L.append(np.log(stats.binom.pmf(d[i+2][j], NUM_RESPONSES, Pav[i][j])*c + stats.binom.pmf(d[i+2][j], NUM_RESPONSES, Pav_a[i][j])*(1-c)))\n",
      "/opt/homebrew/lib/python3.10/site-packages/scipy/stats/_discrete_distns.py:78: RuntimeWarning: divide by zero encountered in _binom_pdf\n",
      "  return _boost._binom_pdf(x, n, p)\n"
     ]
    },
    {
     "data": {
      "text/plain": [
       "      fun: 67.21195842405174\n",
       " hess_inv: array([[ 2.46016065e-01,  1.47017252e-01,  1.07807243e-01,\n",
       "        -7.37486459e-02, -1.35677141e-01, -8.09643373e-02,\n",
       "        -5.32395861e-02,  1.41137614e-02,  3.86060123e-02,\n",
       "        -9.02786149e+01],\n",
       "       [ 1.47017252e-01,  1.10643423e-01,  7.45230817e-02,\n",
       "        -4.07158688e-02, -7.97360475e-02, -4.99985826e-02,\n",
       "        -3.36709772e-02,  1.43881467e-02,  3.02024821e-02,\n",
       "        -5.90914720e+01],\n",
       "       [ 1.07807243e-01,  7.45230817e-02,  6.49406202e-02,\n",
       "        -2.47774838e-02, -5.17409898e-02, -3.56986773e-02,\n",
       "        -2.39612287e-02,  1.33617950e-02,  2.51427967e-02,\n",
       "        -4.21653903e+01],\n",
       "       [-7.37486459e-02, -4.07158688e-02, -2.47774838e-02,\n",
       "         5.75151475e-02,  7.54722787e-02,  3.20724329e-02,\n",
       "         2.17122601e-02,  1.35806845e-02,  2.11556555e-03,\n",
       "         3.65795623e+01],\n",
       "       [-1.35677141e-01, -7.97360475e-02, -5.17409898e-02,\n",
       "         7.54722787e-02,  1.36699357e-01,  5.71617184e-02,\n",
       "         3.76648483e-02,  1.40500665e-02, -4.56813476e-03,\n",
       "         6.35828223e+01],\n",
       "       [-8.09643373e-02, -4.99985826e-02, -3.56986773e-02,\n",
       "         3.20724329e-02,  5.71617184e-02,  3.40727613e-02,\n",
       "         2.05864663e-02, -1.57861929e-05, -9.69922657e-03,\n",
       "         3.72192753e+01],\n",
       "       [-5.32395861e-02, -3.36709772e-02, -2.39612287e-02,\n",
       "         2.17122601e-02,  3.76648483e-02,  2.05864663e-02,\n",
       "         1.37983099e-02, -1.19347853e-04, -6.57122062e-03,\n",
       "         2.32279623e+01],\n",
       "       [ 1.41137614e-02,  1.43881467e-02,  1.33617950e-02,\n",
       "         1.35806845e-02,  1.40500665e-02, -1.57861929e-05,\n",
       "        -1.19347853e-04,  1.88583371e-02,  9.08909962e-03,\n",
       "        -2.40456540e+00],\n",
       "       [ 3.86060123e-02,  3.02024821e-02,  2.51427967e-02,\n",
       "         2.11556555e-03, -4.56813476e-03, -9.69922657e-03,\n",
       "        -6.57122062e-03,  9.08909962e-03,  1.66463998e-02,\n",
       "        -9.27288216e+00],\n",
       "       [-9.02786149e+01, -5.90914720e+01, -4.21653903e+01,\n",
       "         3.65795623e+01,  6.35828223e+01,  3.72192753e+01,\n",
       "         2.32279623e+01, -2.40456540e+00, -9.27288216e+00,\n",
       "         8.48458308e+05]])\n",
       "      jac: array([ 0.00000000e+00,  0.00000000e+00,  0.00000000e+00,  1.90734863e-06,\n",
       "        0.00000000e+00,  0.00000000e+00,  0.00000000e+00,  1.90734863e-06,\n",
       "       -5.72204590e-06,  0.00000000e+00])\n",
       "  message: 'Optimization terminated successfully.'\n",
       "     nfev: 885\n",
       "      nit: 57\n",
       "     njev: 80\n",
       "   status: 0\n",
       "  success: True\n",
       "        x: array([-1.90893003, -1.25022944, -0.76266453,  0.94460971,  1.72611213,\n",
       "        1.30296674,  0.90901104,  0.09309804, -0.09971561, 17.96533961])"
      ]
     },
     "execution_count": 187,
     "metadata": {},
     "output_type": "execute_result"
    }
   ],
   "source": [
    "e_bci_3 = minimize(early_BCI, parameters, data[3])\n",
    "e_bci_3"
   ]
  },
  {
   "cell_type": "code",
   "execution_count": 188,
   "metadata": {},
   "outputs": [
    {
     "name": "stderr",
     "output_type": "stream",
     "text": [
      "/var/folders/p7/1qllz46s60lfswf2l4vv4qtr0000gn/T/ipykernel_21871/1513279994.py:41: RuntimeWarning: divide by zero encountered in log\n",
      "  nll = -sum(np.log(stats.binom.pmf(d[0,:], NUM_RESPONSES, Pa))) - sum(np.log(stats.binom.pmf(d[1,:], NUM_RESPONSES, Pv))) - sum(L)\n",
      "/opt/homebrew/lib/python3.10/site-packages/scipy/optimize/_numdiff.py:576: RuntimeWarning: invalid value encountered in subtract\n",
      "  df = fun(x) - f0\n",
      "/var/folders/p7/1qllz46s60lfswf2l4vv4qtr0000gn/T/ipykernel_21871/1513279994.py:41: RuntimeWarning: divide by zero encountered in log\n",
      "  nll = -sum(np.log(stats.binom.pmf(d[0,:], NUM_RESPONSES, Pa))) - sum(np.log(stats.binom.pmf(d[1,:], NUM_RESPONSES, Pv))) - sum(L)\n",
      "/var/folders/p7/1qllz46s60lfswf2l4vv4qtr0000gn/T/ipykernel_21871/1513279994.py:39: RuntimeWarning: divide by zero encountered in log\n",
      "  L.append(np.log(stats.binom.pmf(d[i+2][j], NUM_RESPONSES, Pav[i][j])*c + stats.binom.pmf(d[i+2][j], NUM_RESPONSES, Pav_a[i][j])*(1-c)))\n",
      "/opt/homebrew/lib/python3.10/site-packages/scipy/stats/_discrete_distns.py:78: RuntimeWarning: divide by zero encountered in _binom_pdf\n",
      "  return _boost._binom_pdf(x, n, p)\n",
      "/var/folders/p7/1qllz46s60lfswf2l4vv4qtr0000gn/T/ipykernel_21871/1513279994.py:41: RuntimeWarning: divide by zero encountered in log\n",
      "  nll = -sum(np.log(stats.binom.pmf(d[0,:], NUM_RESPONSES, Pa))) - sum(np.log(stats.binom.pmf(d[1,:], NUM_RESPONSES, Pv))) - sum(L)\n",
      "/opt/homebrew/lib/python3.10/site-packages/scipy/optimize/_numdiff.py:576: RuntimeWarning: invalid value encountered in subtract\n",
      "  df = fun(x) - f0\n",
      "/opt/homebrew/lib/python3.10/site-packages/scipy/stats/_discrete_distns.py:78: RuntimeWarning: divide by zero encountered in _binom_pdf\n",
      "  return _boost._binom_pdf(x, n, p)\n",
      "/var/folders/p7/1qllz46s60lfswf2l4vv4qtr0000gn/T/ipykernel_21871/1513279994.py:41: RuntimeWarning: divide by zero encountered in log\n",
      "  nll = -sum(np.log(stats.binom.pmf(d[0,:], NUM_RESPONSES, Pa))) - sum(np.log(stats.binom.pmf(d[1,:], NUM_RESPONSES, Pv))) - sum(L)\n",
      "/opt/homebrew/lib/python3.10/site-packages/scipy/stats/_discrete_distns.py:78: RuntimeWarning: divide by zero encountered in _binom_pdf\n",
      "  return _boost._binom_pdf(x, n, p)\n",
      "/var/folders/p7/1qllz46s60lfswf2l4vv4qtr0000gn/T/ipykernel_21871/1513279994.py:39: RuntimeWarning: divide by zero encountered in log\n",
      "  L.append(np.log(stats.binom.pmf(d[i+2][j], NUM_RESPONSES, Pav[i][j])*c + stats.binom.pmf(d[i+2][j], NUM_RESPONSES, Pav_a[i][j])*(1-c)))\n",
      "/opt/homebrew/lib/python3.10/site-packages/scipy/optimize/_numdiff.py:576: RuntimeWarning: invalid value encountered in subtract\n",
      "  df = fun(x) - f0\n",
      "/opt/homebrew/lib/python3.10/site-packages/scipy/stats/_discrete_distns.py:78: RuntimeWarning: divide by zero encountered in _binom_pdf\n",
      "  return _boost._binom_pdf(x, n, p)\n",
      "/var/folders/p7/1qllz46s60lfswf2l4vv4qtr0000gn/T/ipykernel_21871/1513279994.py:39: RuntimeWarning: divide by zero encountered in log\n",
      "  L.append(np.log(stats.binom.pmf(d[i+2][j], NUM_RESPONSES, Pav[i][j])*c + stats.binom.pmf(d[i+2][j], NUM_RESPONSES, Pav_a[i][j])*(1-c)))\n",
      "/var/folders/p7/1qllz46s60lfswf2l4vv4qtr0000gn/T/ipykernel_21871/1513279994.py:41: RuntimeWarning: divide by zero encountered in log\n",
      "  nll = -sum(np.log(stats.binom.pmf(d[0,:], NUM_RESPONSES, Pa))) - sum(np.log(stats.binom.pmf(d[1,:], NUM_RESPONSES, Pv))) - sum(L)\n"
     ]
    },
    {
     "data": {
      "text/plain": [
       "      fun: 51.493910720265276\n",
       " hess_inv: array([[ 4.18626964e-01,  1.23116713e-01,  5.51225406e-02,\n",
       "        -2.28215802e-03, -2.25188894e-01, -6.31834975e-02,\n",
       "        -3.53308609e-02,  4.61778232e-02,  4.67521419e-02,\n",
       "         1.05820683e-01],\n",
       "       [ 1.23116713e-01,  1.23434688e-01,  3.94852591e-02,\n",
       "        -1.00604099e-03, -1.21331148e-01, -3.74702162e-02,\n",
       "        -2.29552217e-02,  3.48880757e-02,  3.26145398e-02,\n",
       "        -2.13028365e-01],\n",
       "       [ 5.51225406e-02,  3.94852591e-02,  6.29812754e-02,\n",
       "        -5.74957217e-04, -5.79392074e-02, -1.95928138e-02,\n",
       "        -9.72767318e-03,  2.59801587e-02,  1.43524351e-02,\n",
       "        -9.76435340e-02],\n",
       "       [-2.28215802e-03, -1.00604099e-03, -5.74957217e-04,\n",
       "         4.64067239e-04,  1.16112896e-03,  3.36726575e-04,\n",
       "         2.35551841e-04, -3.93210299e-04, -3.92426641e-04,\n",
       "        -1.12189048e-02],\n",
       "       [-2.25188894e-01, -1.21331148e-01, -5.79392074e-02,\n",
       "         1.16112896e-03,  3.82901493e-01,  5.16345518e-02,\n",
       "         3.29314935e-02, -2.90811411e-02, -4.13006462e-02,\n",
       "         2.68703420e-01],\n",
       "       [-6.31834975e-02, -3.74702162e-02, -1.95928138e-02,\n",
       "         3.36726575e-04,  5.16345518e-02,  2.38593243e-02,\n",
       "         1.16922029e-02, -1.33988848e-02, -1.42165635e-02,\n",
       "         1.12345263e-01],\n",
       "       [-3.53308609e-02, -2.29552217e-02, -9.72767318e-03,\n",
       "         2.35551841e-04,  3.29314935e-02,  1.16922029e-02,\n",
       "         7.28411538e-03, -5.54243171e-03, -9.18921283e-03,\n",
       "         7.32720568e-02],\n",
       "       [ 4.61778232e-02,  3.48880757e-02,  2.59801587e-02,\n",
       "        -3.93210299e-04, -2.90811411e-02, -1.33988848e-02,\n",
       "        -5.54243171e-03,  3.72572904e-02,  7.74537947e-03,\n",
       "        -1.18073230e-02],\n",
       "       [ 4.67521419e-02,  3.26145398e-02,  1.43524351e-02,\n",
       "        -3.92426641e-04, -4.13006462e-02, -1.42165635e-02,\n",
       "        -9.18921283e-03,  7.74537947e-03,  1.42591038e-02,\n",
       "        -1.26810624e-01],\n",
       "       [ 1.05820683e-01, -2.13028365e-01, -9.76435340e-02,\n",
       "        -1.12189048e-02,  2.68703420e-01,  1.12345263e-01,\n",
       "         7.32720568e-02, -1.18073230e-02, -1.26810624e-01,\n",
       "         5.76712601e+00]])\n",
       "      jac: array([ 1.43051147e-06,  1.43051147e-06,  1.90734863e-06, -9.87052917e-05,\n",
       "        1.90734863e-06,  9.53674316e-07, -7.05718994e-05,  1.90734863e-06,\n",
       "       -6.86645508e-05,  9.53674316e-07])\n",
       "  message: 'Desired error not necessarily achieved due to precision loss.'\n",
       "     nfev: 1422\n",
       "      nit: 79\n",
       "     njev: 127\n",
       "   status: 2\n",
       "  success: False\n",
       "        x: array([-7.443649  , -4.6000296 , -2.11662918,  1.10435442,  3.5644959 ,\n",
       "        2.14347234,  1.41026728, -0.81773915, -2.34113104,  3.50136264])"
      ]
     },
     "execution_count": 188,
     "metadata": {},
     "output_type": "execute_result"
    }
   ],
   "source": [
    "e_bci_4 = minimize(early_BCI, parameters, data[4])\n",
    "e_bci_4"
   ]
  },
  {
   "cell_type": "code",
   "execution_count": null,
   "metadata": {},
   "outputs": [],
   "source": []
  },
  {
   "cell_type": "code",
   "execution_count": null,
   "metadata": {},
   "outputs": [],
   "source": []
  },
  {
   "cell_type": "code",
   "execution_count": 100,
   "metadata": {},
   "outputs": [
    {
     "data": {
      "text/plain": [
       "array([[ 0,  2,  4, 24, 24],\n",
       "       [ 0, 17, 24, 24, 24],\n",
       "       [ 0,  0,  0, 10, 14],\n",
       "       [ 4,  8,  7, 20, 22],\n",
       "       [ 9, 15, 19, 24, 24],\n",
       "       [14, 17, 22, 24, 24],\n",
       "       [14, 19, 23, 24, 24]])"
      ]
     },
     "execution_count": 100,
     "metadata": {},
     "output_type": "execute_result"
    }
   ],
   "source": [
    "data = np.array([pd.read_csv(\"Data/Part_2/Homework3pt2DataCSV{}.txt\".format(i), header = None, sep= \"\\s+\") for i in range(1,6)], dtype=int)\n",
    "data[0]"
   ]
  },
  {
   "cell_type": "code",
   "execution_count": 31,
   "metadata": {},
   "outputs": [],
   "source": [
    "from scipy.stats import norm\n",
    "import math\n",
    "import scipy\n",
    "from scipy.optimize import minimize\n",
    "import numpy as np\n",
    "\n",
    "NUM_RESPONSES = 24\n",
    "\n",
    "def cdf_a_v(mu, sigma, c):\n",
    "    return norm.cdf(mu, c, sigma)\n",
    "\n",
    "def cdf_av(mu_a, mu_v, sigma_a, sigma_v, c_a, c_v):\n",
    "    mu_av = (sigma_v ** 2 / (sigma_a ** 2 + sigma_v ** 2)) * (mu_a - c_a) + (sigma_a ** 2 / (sigma_a ** 2 + sigma_v ** 2)) * (mu_v - c_v)\n",
    "    sigma_av = math.sqrt((sigma_a ** 2 * sigma_v ** 2) / (sigma_a ** 2 + sigma_v ** 2))\n",
    "    return norm.cdf(mu_av/sigma_av)\n",
    "\n",
    "def gauss_likelihood_a_v(mu, sigma, c, x):\n",
